1
0.000000
0.000000
0.000000
0.000000
0.000000
0.999360
0.000000
0.000000
0.998877
0.995735
0.997651
0.000000
0.000000
0.000000
0.997448
0.000000
0.998972
0.000000
0.000000
0.000000
0.000000
0.000000
0.000000
0.000000
0.000000
0.000000
0.000000
0.000000
0.000000
0.998910
0.998720
0.000000
0.992608
0.000000
0.000000
0.000000
0.999216
0.000000
0.000000
0.000000
0.000000
0.999298
0.998970
0.000000
0.000000
0.000000
0.000000
0.000000
0.000000
0.000000
0.000000
0.000000
0.999350
0.000000
0.000000
0.000000
0.999197
0.000000
0.999394
0.000000
0.000000
0.000000
0.000000
0.000000
0.000000
0.000000
0.000000
0.000000
0.000000
0.999016
0.000000
0.000000
0.999153
0.000000
0.000000
0.999206
0.997629
0.000000
0.000000
0.000000
0.000000
0.998511
0.999138
0.000000
0.998827
0.000000
0.000000
0.000000
0.000000
0.000000
0.000000
0.000000
0.000000
0.000000
0.999485
0.998045
0.000000
0.000000
0.000000
