1
0.000000
0.000000
0.000000
0.000000
0.000000
0.999346
0.000000
0.000000
0.998863
0.996492
0.997115
0.000000
0.000000
0.000000
0.996864
0.000000
0.998987
0.000000
0.000000
0.000000
0.000000
0.000000
0.000000
0.000000
0.000000
0.000000
0.000000
0.000000
0.000000
0.998845
0.998454
0.000000
0.994761
0.000000
0.000000
0.000000
0.998809
0.000000
0.000000
0.000000
0.000000
0.999203
1
0.000000
0.000000
0.000000
0.000000
0.000000
0.999443
0.000000
0.000000
0.998770
0.996648
0.997609
0.000000
0.000000
0.000000
0.997227
0.000000
0.998238
0.000000
1
0.000000
1
0.000000
0.000000
0.000000
0.000000
0.000000
0.999448
0.000000
0.000000
0.998525
0.996182
0.998110
0.000000
0.000000
0.000000
0.997301
0.000000
1
0.000000
1
0.000000
0.000000
0.000000
0.000000
0.000000
0.999290
0.000000
0.000000
0.998712
0.997996
0.998150
0.000000
1
0.000000
0.000000
0.000000
0.000000
0.000000
0.999466
0.000000
0.000000
0.998938
0.996468
0.998067
0.000000
0.000000
0.000000
0.997020
0.000000
0.998543
0.000000
0.000000
0.000000
0.000000
0.000000
0.000000
0.000000
0.000000
0.000000
0.000000
0.000000
0.000000
0.998812
0.998547
0.000000
0.993372
0.000000
0.000000
0.000000
0.999186
0.000000
0.000000
0.000000
0.000000
0.999258
0.999156
0.000000
0.000000
0.000000
0.000000
0.000000
0.000000
0.000000
0.000000
0.000000
0.998846
0.000000
0.000000
0.000000
0.998652
0.000000
0.999070
0.000000
0.000000
0.000000
0.000000
0.000000
0.000000
0.000000
0.000000
0.000000
0.000000
0.998893
0.000000
0.000000
0.998768
0.000000
0.000000
0.999173
0.998159
0.000000
0.000000
0.000000
0.000000
0.998111
0.999309
0.000000
0.999061
0.000000
0.000000
0.000000
0.000000
0.000000
0.000000
0.000000
0.000000
0.000000
0.999059
0.996829
0.000000
0.000000
0.000000
1
0.000000
0.000000
0.000000
0.000000
0.000000
0.999464
0.000000
0.000000
0.998826
0.997362
0.997742
0.000000
0.000000
0.000000
0.997312
0.000000
0.998918
0.000000
0.000000
0.000000
0.000000
0.000000
0.000000
0.000000
0.000000
0.000000
0.000000
0.000000
0.000000
0.998799
0.998779
0.000000
0.996422
0.000000
0.000000
0.000000
0.999131
0.000000
0.000000
0.000000
0.000000
0.999337
0.999155
0.000000
0.000000
0.000000
0.000000
0.000000
0.000000
0.000000
0.000000
0.000000
0.999083
0.000000
0.000000
0.000000
0.998942
0.000000
0.999274
0.000000
0.000000
0.000000
0.000000
0.000000
0.000000
0.000000
0.000000
0.000000
0.000000
0.998882
0.000000
0.000000
0.998703
0.000000
0.000000
0.999153
0.998239
0.000000
0.000000
0.000000
0.000000
0.998256
0.999196
0.000000
0.999070
0.000000
0.000000
0.000000
0.000000
0.000000
0.000000
0.000000
0.000000
0.000000
0.999302
0.998110
0.000000
0.000000
0.000000
1
0.000000
0.000000
0.000000
0.000000
0.000000
0.998878
0.000000
0.000000
0.998668
0.990591
0.997033
0.000000
0.000000
0.000000
0.997619
0.000000
0.998802
0.000000
0.000000
0.000000
0.000000
0.000000
0.000000
0.000000
0.000000
0.000000
0.000000
0.000000
0.000000
0.998785
0.998760
0.000000
0.985456
0.000000
0.000000
0.000000
0.998989
0.000000
0.000000
0.000000
0.000000
0.996761
0.998936
0.000000
0.000000
0.000000
0.000000
0.000000
0.000000
0.000000
0.000000
0.000000
0.999052
0.000000
0.000000
0.000000
0.999102
0.000000
0.999272
0.000000
0.000000
0.000000
0.000000
0.000000
0.000000
0.000000
0.000000
0.000000
0.000000
0.998838
0.000000
0.000000
0.999169
0.000000
0.000000
0.999150
0.995127
0.000000
0.000000
0.000000
0.000000
0.998618
0.998942
0.000000
0.998582
0.000000
0.000000
0.000000
0.000000
0.000000
0.000000
0.000000
0.000000
0.000000
0.999130
0.997885
0.000000
0.000000
0.000000
1
0.000000
0.000000
0.000000
0.000000
0.000000
0.999336
0.000000
0.000000
0.998898
